# boujou export: text
# Creation date : Sat Nov 28 16:00:18 2015

# The image sequence file name was 
# boujou frame 0 is image sequence file 1
# boujou frame 18 is image sequence file 19
# One boujou frame for every image sequence frame
# Exporting camera data for boujou frames 0 to 18
# First boujou frame indexed to animation frame 1
#The Camera (One line per time frame)
#Image Size 4000 3000
#Filmback Size 6.2476990685700589e+00 4.6857743014275437e+00
#Line Format: Camera Rotation Matrix (9 numbers - 1st row, 2nd row, 3rd row) Camera Translation (3 numbers) Focal Length (mm)
#rotation applied before translation
#R(0,0)	R(0,1)	R(0,2)	R(1,0)	R(1,1)	R(1,2)	R(2,0)	R(2,1)	R(2,2)	Tx	Ty	Tz	F(mm)
8.4344886685700338e-02	-9.9630749759335502e-01	-1.6040895524982026e-02	-9.9643564693532560e-01	-8.4356386144706988e-02	4.0412675102078494e-05	-1.3934154282142612e-03	1.5980311507355120e-02	-9.9987133574154030e-01	-3.2202362943320004e+01	1.1466872282221583e+02	9.0115738328269103e+01	3.6488697295473984e+00
1.7917406976370981e-02	-9.9965222893780625e-01	-1.9349100933082966e-02	-9.9983470212169157e-01	-1.7854199368104871e-02	-3.4345302666461443e-03	3.0878731307543636e-03	1.9407440444311565e-02	-9.9980688950163199e-01	-1.2852694139424621e+01	1.1458701783208319e+02	9.0520090093676828e+01	3.6488697295473984e+00
-9.9661037819660403e-01	7.9708692983678955e-02	-2.0353828476611116e-02	7.9407490694488325e-02	9.9672631368859665e-01	1.5202171632560754e-02	2.1498941658287602e-02	1.3534395574782185e-02	-9.9967725574007049e-01	1.5655593484836366e+01	1.1467747676481744e+02	9.0336285070547106e+01	3.6488697295473984e+00
-9.8281269734827004e-01	1.8302431916378675e-01	-2.4110174732888894e-02	1.8296584295634410e-01	9.8310837639042914e-01	4.6282374883579568e-03	2.4549994751375013e-02	1.3735212607353733e-04	-9.9969859402326899e-01	1.2815811521302772e+01	8.9792776248188744e+01	9.1085988061245729e+01	3.6488697295473984e+00
-9.8385741862652087e-01	1.7702144811850432e-01	-2.6229500940474142e-02	1.7728442368449857e-01	9.8412676533380350e-01	-8.0462955749989792e-03	2.4388787022192972e-02	-1.2566489551688629e-02	-9.9962356435206801e-01	6.8913471588403610e+00	4.3689074288947232e+01	9.0967127684308693e+01	3.6488697295473984e+00
-9.8385870110346219e-01	1.7688708238232317e-01	-2.7074274676841942e-02	1.7734328775372354e-01	9.8402735941902064e-01	-1.5476246428942955e-02	2.3904278941392507e-02	-2.0027880594275613e-02	-9.9951361643911241e-01	8.2175625953786491e-01	1.1879657787428552e+00	9.1469021025047979e+01	3.6488697295473984e+00
1.3705886113988640e-02	-9.9979419482152199e-01	1.4957161729909609e-02	-9.9960811208849876e-01	-1.4065418188305335e-02	-2.4203021671995086e-02	2.4408419299441510e-02	-1.4619576340386693e-02	-9.9959516658241687e-01	1.1503294919955689e+00	-5.9621949256729270e+00	9.0595758957234565e+01	3.6488697295473984e+00
2.5312272422111565e-02	-9.9967953065294957e-01	-3.5335297808965910e-04	-9.9927428167852206e-01	-2.5291943915482819e-02	-2.8482056612009209e-02	2.8463992002219930e-02	1.0740421194645293e-03	-9.9959424147642173e-01	3.8840057155903807e+01	-5.9245118278725926e+00	9.1201595276514084e+01	3.6488697295473984e+00
9.9250784642884693e-01	-1.2184917699224057e-01	8.9973798122547945e-03	-1.2171621432792809e-01	-9.9246497660675748e-01	-1.4086638301099821e-02	1.0646029628467987e-02	1.2885972034028362e-02	-9.9986029713049807e-01	4.8120804370680844e+01	-2.7300892852832210e+00	9.0143766047273658e+01	3.6488697295473984e+00
9.9258043087303416e-01	-1.2107985895072301e-01	-1.1124567603945142e-02	-1.2123210656040338e-01	-9.9252238420413563e-01	-1.4215948532024982e-02	-9.3201173183993895e-03	1.5459127084385977e-02	-9.9983706212710466e-01	5.4286257996074944e+01	3.9762808781309523e+01	9.1106301769108896e+01	3.6488697295473984e+00
9.8785627491133265e-01	-1.5412940576895712e-01	-1.9598632493458026e-02	-1.5436348431650002e-01	-9.8795241696703606e-01	-1.1042486978090568e-02	-1.7660544385015940e-02	1.3933703251462020e-02	-9.9974694652483176e-01	6.0559255469200252e+01	8.6530512201026397e+01	9.1215729348843666e+01	3.6488697295473984e+00
-8.3600460877873461e-01	-5.4869611594834000e-01	5.3727501264056246e-03	-5.4837577304239260e-01	8.3578440853573532e-01	2.7357521611601161e-02	-1.9501426636866531e-02	1.9924728148130944e-02	-9.9961127422981266e-01	6.4495176146471636e+01	1.1408431978075393e+02	8.9885174259421845e+01	3.6488697295473984e+00
-9.1032591367539795e-01	-4.1368053512417530e-01	-1.3234264257140265e-02	-4.1382466853157346e-01	9.1028951031241856e-01	1.1052200229382820e-02	7.4749318247867708e-03	1.5537769291406513e-02	-9.9985134051000879e-01	7.4028636714305662e+01	9.5874065190805823e+01	9.0501424307475304e+01	3.6488697295473984e+00
-9.0751170748719978e-01	-4.1921958040398261e-01	-2.6027757866857883e-02	-4.1928737179358172e-01	9.0784841210926792e-01	-3.0594909889261404e-03	2.4911857178818858e-02	8.1365862982723351e-03	-9.9965653868481874e-01	9.6417836399137627e+01	5.3803044408322698e+01	9.1616878791130503e+01	3.6488697295473984e+00
-9.9045346326219741e-01	1.3267939132041182e-01	-3.7391392468904966e-02	1.3268931620057808e-01	9.9115517734162673e-01	2.2270597457913488e-03	3.7356157165073706e-02	-2.7556392603757425e-03	-9.9929821573648625e-01	1.0248581908527399e+02	4.0148821268535059e+01	9.0282266045041922e+01	3.6488697295473984e+00
-9.8702921428782064e-01	1.5535472922936222e-01	-4.0475155940882253e-02	1.5580809371145679e-01	9.8775264900438564e-01	-8.2790288573596285e-03	3.8693256213054902e-02	-1.4478000237968840e-02	-9.9914624526779849e-01	9.7022255454924121e+01	2.3222873172930649e+00	9.1445502447350535e+01	3.6488697295473984e+00
5.2389507367352361e-01	8.5174789292405273e-01	-7.7122422193183727e-03	8.5160065947409780e-01	-5.2357433485732063e-01	2.5421106624138053e-02	1.7614441912669136e-02	-1.9885743087710975e-02	-9.9964708205343855e-01	9.4970274006236536e+01	-5.7248973956348177e+00	9.0453641247855529e+01	3.6488697295473984e+00
-2.4066293545245140e-01	9.7028143733492356e-01	-2.5204838080897029e-02	6.1037221948429099e-01	1.3110030477370130e-01	-7.8119041454056692e-01	-7.5467019629850873e-01	-2.0338791127182962e-01	-6.2378381861607524e-01	6.5128057575006082e+01	6.7243959321618902e+01	4.4980967879489505e+01	3.6488697295473984e+00
-7.0815503207257258e-01	7.0554174442705908e-01	-2.6968452330753033e-02	4.5296425107038413e-01	4.2467909325240033e-01	-7.8388204151298468e-01	-5.4160856511187094e-01	-5.6732575706126842e-01	-6.2032382476599979e-01	5.5963578124385997e+01	8.5010525041296361e+01	4.5363829104994643e+01	3.6488697295473984e+00

#3D Scene Points
#x	y	z
-37.127470	68.406072	2.646746
-44.294626	151.798328	3.844270
-35.031658	43.743960	2.794864
-45.191263	161.517091	3.864642
-37.064896	65.100995	2.608629
-37.891761	73.943439	2.802043
-46.255430	169.926135	3.885638
-36.638499	57.320375	2.832247
-35.785245	45.968938	2.147289
-65.567717	54.619138	2.127443
22.854312	94.665714	5.740087
14.550118	179.398854	8.000477
15.074039	173.535900	7.682551
13.696609	181.777329	8.423743
20.755175	103.962126	6.613220
19.037726	63.833663	13.889623
18.371610	134.756181	6.036574
17.462042	142.982959	6.447341
21.517452	89.001492	6.126532
21.044476	94.208308	5.682159
20.801117	97.228972	5.499412
21.172227	85.976886	6.187456
18.071763	126.442510	6.148052
20.977065	91.988145	5.488484
20.679220	82.356097	7.130351
12.313828	180.221833	8.019037
17.982733	116.518438	6.470922
16.121181	143.164789	6.104279
17.819112	66.384109	12.691097
17.721960	69.870353	12.123157
17.570006	72.227138	12.001279
15.633788	141.338085	6.448157
19.136783	80.655463	7.781340
13.222948	163.066987	7.211115
17.399996	62.313196	12.255411
18.687229	81.214321	7.831524
18.146866	57.092494	11.441849
17.369578	113.495265	5.711460
17.756842	76.299593	9.723890
19.234262	85.996254	5.765288
16.687310	66.070009	12.502270
14.675028	140.768485	6.331222
17.217328	106.122133	6.479483
18.549872	80.847753	7.346252
17.931844	55.070153	10.755997
11.085878	173.969155	7.177558
16.571455	75.801155	10.125895
16.506491	75.909026	9.827753
16.850604	57.185930	11.016094
9.072230	184.263212	7.937139
17.203343	94.949041	5.611804
17.848320	85.489869	5.756300
9.155466	182.220680	7.525728
8.509140	186.067828	7.921052
15.990160	62.794063	11.282914
15.300522	71.181207	10.913886
10.685000	157.241659	7.198524
15.463012	77.793677	8.496204
15.335467	60.031631	10.922106
10.244418	158.569001	6.672023
14.446051	68.470357	10.582707
7.906626	179.746436	6.954438
2.246474	85.694029	4.883815
1.819760	89.195178	5.160064
2.785148	78.622766	4.961784
2.836303	74.796603	5.002911
2.020361	83.583526	4.980114
2.198641	81.136921	4.875448
-7.302831	187.238187	7.738512
-6.827689	182.644250	6.745835
-0.055072	105.955614	4.646434
0.684971	93.893144	4.977566
0.604770	93.196210	4.856189
-4.219699	149.725885	5.819285
-1.296999	115.695925	5.038297
-7.852209	187.476377	7.399465
-6.275214	172.434855	6.431954
-1.850049	120.592959	5.355315
3.503038	54.795459	4.925125
-7.320157	179.893224	6.811256
2.212018	66.596834	5.063523
1.703277	73.756559	4.344466
2.065552	65.680226	4.823485
-0.360403	92.244277	4.679029
-0.887414	98.857619	4.447911
0.008080	84.648460	4.954200
-4.608784	140.453885	5.063839
-1.498605	101.835608	4.450883
1.668988	61.268133	4.627708
-6.352159	155.695369	5.701493
1.064479	64.563900	4.758307
-0.092253	75.419712	4.709737
0.570187	67.904894	4.413849
1.443512	55.785246	4.608592
1.805511	49.163353	4.122481
-7.814419	157.978354	5.747765
-0.014737	64.344231	4.389429
-1.148890	76.905875	4.611454
-10.872346	187.923233	7.163011
-9.136307	168.825358	6.303289
-1.536294	79.158118	4.701597
-54.665577	100.011542	2.651672
-51.804818	63.890546	2.112857
-50.444841	48.202596	1.839408
-62.587812	187.812340	3.360333
-59.502857	151.729765	3.203324
-55.706356	108.673497	3.141278
-54.312643	91.180616	3.138975
-62.918824	185.592054	3.006641
-62.467691	181.320266	3.253149
-53.124317	73.914933	2.283036
-51.701639	56.121917	1.919475
-62.837656	183.706136	3.087979
-55.977724	105.518428	2.752687
-51.921970	58.987440	2.455415
-51.311024	49.102732	1.742488
-50.646178	43.523026	2.060323
-63.331562	188.424846	3.294674
-56.426700	111.148468	3.129165
-51.855515	54.505982	1.816271
-61.169196	162.863063	3.322462
-60.843510	159.161852	3.189692
-59.065013	139.501207	3.183062
-53.683772	76.106484	2.277124
-58.895647	137.163077	3.299096
-61.172969	159.595456	3.195672
-51.798933	48.047863	1.739437
-60.894182	153.770034	3.319448
-60.104824	146.052404	3.755142
-61.500627	158.917134	3.173513
-59.132723	131.366043	3.268709
-53.017937	60.642292	2.552798
-56.628420	101.453216	2.929847
-58.109023	118.522453	3.218507
-52.247161	45.778554	1.768375
-54.863262	77.225491	2.457877
-64.235983	183.297715	3.177934
-56.723940	98.901575	2.805714
-53.375557	59.931987	2.392430
-63.285061	172.822772	3.394274
-59.767351	132.704416	3.251359
-55.967702	87.333606	2.506415
-64.003320	178.832725	3.320715
-60.447722	138.859680	3.036875
-57.906972	110.892990	3.269496
-52.843101	50.236924	2.212508
-56.698575	95.331817	2.858265
-54.332917	65.597803	2.055028
-55.217015	75.287107	2.171307
-53.287404	52.159951	1.840600
-52.921875	49.088055	2.211042
-60.071489	132.422775	3.378171
-59.552606	125.229930	3.179618
-59.022436	118.873376	3.115098
-57.569854	101.371569	3.025867
-54.147829	60.730234	2.357367
-54.103016	57.833795	1.882972
-53.623632	52.972610	1.920456
-58.240055	106.880285	3.046462
-57.364681	95.934803	2.736300
-55.123428	66.927651	2.005240
-58.843350	112.262980	3.030406
-65.568791	186.834140	3.224836
-59.385587	117.948847	3.033415
-63.122126	157.737987	3.121323
-57.181589	86.879661	2.436030
-59.866301	119.535854	3.101086
-58.936189	108.733070	3.033494
-59.132370	109.596583	3.117649
-59.120416	107.572096	2.994029
-55.965576	68.118234	2.191768
-53.995236	45.634748	2.163509
-55.181233	55.401804	1.691566
-54.959488	52.612338	1.818717
-54.383154	46.271151	1.762546
-62.724809	143.975251	3.118167
-56.549013	71.380840	2.101781
-63.238687	148.234426	3.013150
-59.491541	107.461546	3.046784
-55.743211	63.116639	2.489659
-62.916483	144.235029	3.372861
-55.573542	58.243922	2.278628
-54.694846	49.836611	2.377844
-55.073004	52.767712	2.326016
-61.696626	130.067115	3.576425
-55.020061	48.090019	1.686357
-54.737949	47.378129	2.141744
-54.573805	44.372246	2.115728
1.898809	91.449840	4.864466
-4.980353	171.751745	6.340346
3.534182	60.509038	6.542882
-2.915597	141.696968	5.552749
4.179546	52.796147	4.930531
3.649782	57.204163	5.243864
3.677766	56.616261	5.072244
-0.788319	111.527921	5.113146
-7.398979	185.068475	6.861697
-5.979996	170.188599	6.438630
-0.371225	104.692601	5.027464
-6.875222	178.580751	6.474488
-7.102515	179.456160	6.845910
3.383362	54.568187	4.708052
-0.390230	87.797032	4.525018
2.735457	50.146263	4.067000
-5.390237	145.678793	5.669000
2.352844	50.929188	4.076297
-2.036902	102.040694	4.662959
1.190555	59.660865	4.973973
-6.122071	145.074070	5.050750
-0.863864	77.596750	4.620044
-0.865365	76.244147	4.586433
-0.871761	75.390302	4.482526
-10.643048	187.569439	6.838760
-3.445030	104.574468	4.987492
1.254567	48.637492	4.173124
-2.106927	185.305021	7.656944
-2.275827	182.603885	7.345904
7.838498	55.778644	6.627272
7.872669	54.122109	6.802648
7.323391	57.879633	6.888113
0.412694	145.416266	5.975542
-2.500099	178.215266	6.835336
0.096236	146.367087	6.046844
5.912830	71.013028	6.000155
6.797612	53.795869	6.862600
5.031275	84.852916	5.038603
-1.623506	162.936903	6.109424
5.575615	70.063023	5.313880
-3.831680	181.014866	7.088190
1.497104	103.606137	4.597983
2.512041	88.681593	4.757934
3.387456	78.108686	4.626578
4.745201	56.860140	5.208975
5.594300	48.051644	4.654460
3.593239	62.560347	6.550436
-10.879210	135.339651	4.725522
-13.660254	165.022023	5.722495
-3.861748	49.288081	3.449387
-9.588035	114.472034	4.547620
-7.782729	90.706540	4.070851
-4.475857	51.371677	3.382657
-7.432605	79.603226	4.420177
-5.346618	55.814024	3.791648
-7.756493	78.780854	4.511559
-8.210833	84.972196	4.131644
-10.708086	113.311477	4.174033
-5.739855	54.756098	3.429228
-14.850412	155.838118	5.315964
-9.160860	88.903302	3.859993
-6.812554	59.348943	3.765998
-13.212315	132.007669	4.540707
-7.565614	64.998868	3.749571
-9.959550	92.650502	4.266430
-6.621967	53.539180	3.694305
-14.125747	139.821606	5.239326
-10.097429	93.317491	3.998277
-9.280606	82.204293	4.281468
-10.361239	93.048253	4.177308
-14.184223	135.527069	4.649562
-8.791087	70.681811	4.069212
-11.540919	84.653518	4.141331
-31.154406	127.660352	3.896040
-35.413546	177.255441	4.389272
-33.142817	150.122274	4.183088
-27.395623	81.134779	3.361083
-26.881487	75.296687	3.279227
-25.318739	56.354739	3.051587
-34.704215	167.515956	4.200304
-29.002855	99.749997	3.605751
-32.377635	137.273620	3.982654
-27.346863	77.775915	3.517284
-29.387240	99.646260	3.516915
-26.891327	68.822468	3.154410
-25.786708	56.520939	3.165846
-25.137761	48.296836	2.785317
-29.909081	103.426153	3.442516
-34.033841	150.916673	4.029578
-28.212519	82.360345	3.641675
-27.281195	70.091739	3.112109
-35.806419	170.377351	4.516836
-29.702832	98.065590	3.550365
-28.569976	84.633698	3.515906
-25.790684	51.332389	2.952681
-37.201407	183.782068	4.295315
-31.695381	115.188892	3.584733
-36.695120	173.937735	4.253789
-30.044099	94.112750	3.430616
-33.046823	127.586359	3.955596
-28.429537	73.286631	3.593580
-32.239739	117.217913	3.869822
-30.501445	96.359465	3.513151
-38.134621	184.545493	4.382932
17.406712	65.385040	12.835804
18.186478	58.552517	12.168331
17.312098	72.219923	11.746224
17.837379	74.308931	10.593352
17.136083	65.924105	12.690401
17.004626	66.247033	12.584818
17.842873	102.769544	6.566836
19.018036	85.026350	6.215746
14.670907	140.130741	6.548070
9.967889	181.616637	7.615597
13.645080	142.604870	6.174456
15.777379	111.383092	6.071231
16.885003	78.661043	8.189786
16.770644	97.402376	5.704687
15.726009	106.195610	6.107284
16.366368	98.936481	5.488190
11.689516	149.211182	6.786074
14.090955	120.883837	6.241471
16.529558	92.062993	5.407145
8.188942	182.193325	7.571833
9.835347	162.420938	6.595885
14.758619	64.551339	10.928138
15.421033	56.733008	10.526024
6.914427	187.667141	7.717085
15.280306	91.970667	5.805047
-67.093663	133.493320	3.028455
-62.590781	80.926966	2.486110
-62.182098	77.596868	2.682088
-59.993108	50.651137	2.060163
-61.210282	60.286734	1.749705
-59.943890	45.760439	1.598443
-66.678895	126.446536	3.145342
-66.120377	119.190550	2.921895
-64.921676	105.844087	3.103607
-63.299035	84.272621	2.471562
-63.094359	82.063520	2.508988
-66.448959	120.081139	2.890062
-63.897100	90.809954	2.670807
-66.724079	121.941354	2.879662
-61.474897	56.981118	1.653395
-67.591221	128.501771	2.865847
-63.807736	85.233548	2.486388
-64.929880	97.854487	2.844674
-64.636408	94.042847	2.687679
-63.174230	76.521413	2.553478
-62.508428	68.554705	2.413155
-64.885400	95.175790	2.746570
-61.329885	49.070486	1.528978
-66.710999	114.418095	2.855559
-64.068669	82.543924	2.480356
-64.824960	89.701331	2.507379
-61.513808	49.213083	2.041173
-61.967543	47.592668	1.593171
-67.566224	114.454334	2.755758
-61.483253	44.044069	1.930188
-67.279595	109.384393	2.539736
-65.775179	93.136514	2.565224
-64.710901	80.798305	2.470391
-67.594800	112.669506	2.640355
-62.971770	56.509900	1.661969
-65.049852	82.896737	2.408530
-64.163796	71.752159	2.327180
-63.245877	57.711563	1.659651
-62.015743	45.771882	1.973543
-64.026668	67.687624	2.290263
-65.794525	87.742915	2.567522
-66.067559	90.513832	2.648506
-67.201214	101.089508	2.728290
-64.458631	66.893228	2.368601
-66.718858	91.682349	2.463127
-66.178843	82.877163	2.322022
-64.218178	56.439976	1.686471
-65.069639	66.421040	2.248293
6.939557	163.721427	6.994409
11.859122	68.080136	9.073111
6.545844	149.962579	6.449115
9.395224	112.339470	6.136511
10.515840	97.526702	5.315180
-15.515527	176.605193	5.946268
-11.314436	127.016588	4.809478
-13.107013	145.748559	5.016722
-12.631438	140.523714	4.997115
-15.228804	167.292190	5.857375
-7.910907	78.574313	4.547257
-15.013085	156.982718	5.310835
-8.184225	75.130368	4.157244
-13.085765	132.208610	4.519057
-9.131368	82.983265	4.336358
-7.008022	60.181549	3.376804
-8.901687	78.127310	4.382501
-10.199084	93.146400	4.338825
-15.257828	146.411576	4.845775
-7.803361	57.580973	3.787700
-6.991078	48.938153	3.572713
-9.426062	73.334035	4.265339
-17.251495	158.343167	5.480934
-16.011281	143.941551	4.990080
-11.723412	90.337671	4.121019
-10.710876	76.256063	4.171896
-18.257215	161.659580	5.791865
-14.532267	117.949982	4.547783
-9.947229	63.286537	3.953156
19.559750	98.361675	4.964025
19.472020	93.579617	5.724218
17.525326	71.996594	11.660524
13.000434	167.985765	7.066914
19.335011	94.097603	5.625042
13.994957	152.989179	6.736738
11.013009	178.710702	7.835873
11.866573	172.212948	7.345997
13.178069	150.193335	7.433452
18.221065	91.484872	5.442970
17.479788	55.932664	10.624586
12.688355	147.320577	7.238413
8.909264	185.839970	8.237365
15.498585	69.856203	11.489687
11.679649	144.815464	6.415185
8.972721	163.042466	7.403347
8.422133	170.641594	7.002633
9.715393	158.498052	6.510108
14.340514	76.307933	9.330953
-20.468275	74.626798	3.580525
-19.696724	63.381817	3.546004
-29.019973	167.842978	5.073835
-20.656908	66.884377	3.386420
-30.680552	175.439040	4.592101
-27.952079	143.419637	4.447633
-26.791948	127.229512	4.229682
-21.514587	65.225470	3.329229
-31.083649	173.680357	4.595723
-27.918787	134.959876	4.465423
-21.122264	55.034270	3.117518
-24.223625	89.702408	3.573072
-23.920042	86.271078	3.461649
-22.212042	66.671823	3.351411
-22.013412	60.560555	3.281352
-23.064751	71.133073	3.387018
-21.521265	50.472759	3.270156
-28.167388	128.409191	3.883899
-24.109716	79.108710	3.544810
-33.221853	186.934071	4.712904
-22.883601	64.141896	3.303558
-21.854312	51.379164	3.125842
-30.793260	155.190886	4.283067
-23.136618	60.439126	3.212989
2.230817	185.263682	7.435683
9.492019	101.193239	6.179005
11.113616	61.724990	8.744967
10.155629	91.599582	5.653680
10.670124	56.859574	8.714663
9.959535	85.057350	5.203303
9.199902	86.200333	5.694152
9.525345	80.320260	6.118471
8.526812	87.842245	5.470721
8.884115	71.861650	7.567600
-0.010813	185.723863	7.262830
8.621735	81.692648	5.806885
7.716994	90.865880	5.493131
8.277947	83.389022	5.558879
8.890815	60.886288	7.549773
-0.940304	180.658962	7.446163
-0.088825	173.242610	6.800275
5.328370	109.639632	5.690109
-1.537272	185.039504	7.714423
7.664864	64.475415	8.010850
7.390476	66.763122	7.625570
0.861101	157.519611	5.979956
7.121107	71.455924	6.748816
3.907249	116.305734	5.837224
7.105746	73.243155	6.179583
-42.793815	164.396193	3.910789
-42.309517	158.947580	3.791472
-36.708380	91.143443	3.275771
-36.279381	85.262606	3.103830
-41.614094	146.447113	3.888847
-39.231123	113.739078	3.439561
-40.010263	119.929130	3.544978
-39.701669	116.496703	3.493813
-41.924263	141.370177	3.849692
-45.910857	181.236289	4.046861
-38.331018	86.728586	2.945348
-35.919943	58.687243	2.414308
-42.540061	136.332405	3.702106
-38.833139	84.553542	3.115282
-43.569129	138.020767	3.603537
-39.994191	95.438565	3.531472
-46.224550	162.136176	3.992201
-44.650353	143.723791	3.705976
-36.905785	51.253619	2.302392
-52.462403	163.464351	3.583513
-53.366954	172.969499	3.703782
-44.674449	65.535542	2.389899
-48.609321	110.296646	3.190654
-44.806192	61.899252	2.267222
-46.130109	72.903998	2.489977
-44.628863	54.928554	2.251713
-53.620304	155.370939	3.623960
-54.892138	165.654183	3.581683
-56.029231	171.972825	3.654976
-50.844540	113.119535	3.230020
-51.621661	117.615299	3.148275
-51.419547	114.886315	3.151332
-45.863870	47.501639	1.914042
-47.658804	62.883486	2.092552
-54.309948	142.094879	3.470338
-53.058730	125.174886	3.358792
-46.858191	50.539218	1.924528
-52.649098	118.714601	3.133717
-48.741667	71.566373	2.489934
16.648467	144.483621	7.357749
15.543256	157.697505	7.438318
18.923827	59.970327	13.114656
14.148073	172.391904	7.431218
12.417046	183.340763	8.161642
19.179156	101.600072	6.078027
19.849421	95.437026	5.778366
17.847040	62.911943	12.844764
-56.166499	155.675930	3.572028
-55.799532	149.968127	3.353800
-49.900121	77.748182	2.377114
-49.531118	74.452563	2.330768
-56.044172	147.223830	3.415707
-55.001969	134.693070	3.243504
-51.365055	93.227680	3.226194
-50.638977	80.034728	2.480540
-57.351857	155.012252	3.105425
-53.982937	116.614833	3.021800
-48.675009	49.370940	1.830118
-56.513173	136.740725	3.321565
-57.125063	139.924080	3.336033
-55.487932	121.826268	3.399002
-53.595038	95.873775	2.753799
-51.046220	61.965926	2.015791
-50.054678	49.224702	1.744030
-59.171817	149.733811	3.196231
-53.845657	88.722184	2.887098
-51.119878	55.453310	2.347688
-59.713788	147.911487	4.198733
-39.114738	184.189925	4.260204
-37.564709	164.555408	4.220076
-34.792400	132.956230	3.897390
-29.207045	65.722018	2.916663
-29.828788	71.998577	3.466641
-37.581235	159.011961	4.363311
-33.545002	109.069301	3.779272
-36.992312	143.085437	3.860905
-38.183525	155.154777	4.218238
-38.669972	159.448185	3.934775
-41.367198	184.412801	4.288138
-41.844927	188.290691	4.283364
-31.051802	59.683393	2.867352
-40.323349	160.125605	4.263054
-36.404505	115.488987	3.551934
-34.843015	96.978863	3.600112
-39.316877	145.980403	4.079611
-33.921391	79.697940	3.221830
-36.733394	108.543300	3.766410
-40.756332	153.633714	4.082473
-61.649455	48.562278	1.537264
-64.846190	81.281354	2.528650
-64.455995	64.000589	2.268087
-7.549892	143.101936	5.552353
-9.836610	162.803349	5.700396
-3.617303	82.846532	4.622615
-2.162903	54.386002	4.160887
-13.813048	186.394989	6.723875
-4.234987	73.458202	4.576858
-3.574792	64.267933	4.269474
-4.126780	69.561777	4.374379
-2.084383	48.089698	3.415714
-14.400492	187.261770	6.850778
-5.725974	87.712483	4.488872
-13.263903	173.641928	6.221287
-6.470717	90.954696	4.537210
-5.873447	81.805034	4.632320
-6.650239	84.006629	4.444398
-5.544177	72.375270	3.901532
-8.233147	98.265225	4.406678
-5.050083	159.115361	6.111805
3.418221	48.582204	4.300442
-5.874298	157.606482	6.027751
-8.613082	180.854029	6.964817
-0.252276	83.147640	4.905746
1.612598	60.777243	4.799839
-1.230469	92.428021	4.825763
1.698102	51.121261	4.178111
0.335603	63.809546	4.747755
-0.176856	66.779970	5.153776
-4.506107	116.866944	4.691094
0.018113	61.596877	4.465145
-10.128230	61.365017	3.630241
-16.039888	129.281362	4.433567
-13.394225	96.606867	4.352586
-19.107029	161.218372	5.427340
-12.859498	82.860819	4.086202
-20.079973	162.304536	5.475107
-16.801344	116.999984	4.616046
-23.119621	182.919919	5.439888
-23.051028	180.789461	5.791925
-18.205280	122.887326	4.567401
-14.381363	73.746898	3.700460
-12.420044	50.947379	3.380893
-13.952390	67.465173	3.711451
-17.244295	100.727073	3.820777
-14.757350	67.837312	3.803211
-22.143133	154.836429	5.067823
6.953087	71.863481	5.737491
6.956036	61.862712	6.932951
-1.064047	166.396134	6.289027
0.524841	143.290618	5.867212
6.001387	68.457450	5.982629
6.331387	58.100601	7.062003
2.557050	106.946841	5.157467
-0.889937	143.003109	5.813023
5.623969	54.690452	5.945290
2.408380	101.769571	4.364896
2.497237	87.661308	5.070388
3.472374	74.555164	5.170149
1.854459	90.626510	5.148352
3.033830	76.977190	4.558236
-26.760120	146.259288	4.957519
-23.333724	101.621797	3.915203
-22.927406	97.019410	3.842879
-20.225630	62.021856	3.555204
-29.568925	169.597824	4.949895
-21.669830	72.611336	3.535623
-28.104545	145.477009	4.983140
-27.028809	132.327015	4.369116
-21.892312	73.934770	3.550992
-19.911353	51.100643	3.111035
-30.393110	168.471991	4.850708
-27.341090	121.829084	4.047872
-21.607036	48.793053	2.916973
-31.639886	164.744624	4.837319
-25.851151	95.619342	3.551825
-24.097820	74.866734	3.494364
-30.266062	145.060951	4.276961
-27.460188	105.346679	3.672671
-29.810024	132.798817	4.128437
-24.518066	69.398278	3.303601
-23.253459	53.892905	3.032633
5.240776	149.478326	6.762492
8.050137	115.852225	5.554310
-52.956364	188.788798	3.654569
-43.908241	83.220125	2.762566
-43.169728	73.712552	2.572117
-49.599003	148.798803	3.542802
-42.311988	64.754160	3.033205
-52.618388	182.266347	3.638623
-43.203143	72.587020	2.531579
-40.801872	43.651759	1.937852
-49.861477	150.730887	3.658836
-46.675936	113.671630	3.227145
-49.629155	146.697802	3.647029
-46.500704	110.700371	3.459179
-46.230993	107.587864	3.443177
-44.156547	80.388297	2.675639
-42.277566	57.453311	2.531632
-45.933219	99.628086	2.940681
-43.469735	70.522518	2.603015
-41.572076	49.154231	2.501309
-50.365143	151.033309	3.689546
-44.581505	82.583429	2.778466
-44.833552	84.395821	3.069397
-44.412821	77.624822	2.619810
-43.282602	64.670637	2.738764
-44.440622	76.213551	2.583229
-43.199246	60.553845	2.791888
-42.791233	53.803663	2.151851
-42.084387	46.844061	2.381477
-45.923504	90.931528	3.129263
-43.981017	68.016215	2.757649
-42.549460	47.442701	2.004706
-53.171469	170.912257	3.590600
-42.592185	46.283801	1.997597
-42.497854	45.297090	2.015634
-47.944848	108.211681	3.168364
-43.995451	59.769382	2.151918
-52.487231	159.642631	3.562058
-44.150881	61.295858	2.370618
-53.432461	168.869238	3.688805
-53.399157	167.344039	3.617841
-53.727362	170.775306	3.773129
-48.950132	114.500010	3.258044
-43.824379	51.012920	2.002314
-45.880334	73.563777	2.427926
-45.048914	64.356925	2.345914
-48.925032	109.534408	3.069689
-44.850593	59.997055	2.146537
-45.925088	73.052245	2.516831
-49.273834	111.392341	3.549611
-44.772640	55.901889	2.098064
-54.364071	168.315272	3.689478
-49.146377	107.894136	3.080222
-45.259637	60.020244	2.088232
-52.248638	143.353451	3.408345
-51.786976	137.569844	3.314386
-46.595159	75.708720	2.411786
-56.252153	187.206407	3.468829
-48.029298	93.093742	2.930317
-54.595697	167.035057	3.641376
-47.460224	82.914866	2.628881
-46.711572	74.713186	2.625389
-55.921726	179.437571	3.589905
-56.759768	187.685360	3.446336
-44.392189	42.517994	1.766066
-45.762551	60.248351	2.499356
-44.611342	45.237579	2.368167
-53.611002	149.108609	3.416692
-47.733658	79.724364	2.476739
-46.447665	64.024384	2.253001
-54.998442	163.403929	3.669302
-54.223760	153.765782	3.402260
-54.008481	150.682084	3.254238
-55.968877	171.759050	3.424704
-45.015521	44.982524	2.463212
-49.966697	101.127602	2.885953
-12.629676	155.340686	5.628831
-14.715360	175.010409	6.356974
-7.106074	86.712088	4.426402
-6.239422	75.684748	4.155347
-8.184875	98.306606	4.154190
-15.888482	186.106730	6.380606
-15.421609	179.218195	6.460019
-5.560664	64.845987	3.957617
-7.670976	88.743283	4.346608
-4.523566	48.774460	3.646063
-13.015236	147.911772	5.187865
-9.985664	107.844624	4.731295
-15.356244	170.986047	5.676019
-10.499418	113.799815	4.637860
-9.649671	104.178957	4.222877
-5.614263	56.525089	3.582050
-8.418336	87.879193	4.330753
-9.025312	94.610939	4.128299
-9.011761	91.931030	4.059787
-7.718308	74.676777	4.112183
-11.400365	118.051400	4.346751
-9.082276	89.532491	4.237041
-16.524888	175.269583	5.848609
-6.234876	53.675347	3.661703
-8.634846	81.343075	4.232884
-7.305862	64.573226	4.029139
-11.955953	118.716058	4.332556
-10.346713	100.205411	4.268050
-6.224336	50.281143	3.494498
-14.918542	151.318208	5.077009
-18.180954	187.085056	6.435931
-8.223680	71.356864	4.040031
-6.390189	47.957457	4.040891
-6.449198	49.583744	3.368691
-10.860353	101.103904	4.370077
-7.250144	58.148111	3.847338
-12.641308	120.532825	4.343100
-9.084631	77.007369	4.200248
-12.895657	122.576498	4.368732
-12.195075	114.739062	4.171037
-11.418189	103.718190	4.165885
-17.661478	173.975551	5.637377
-9.937792	82.594611	4.140309
-9.213016	73.268472	4.450506
-13.048427	117.713055	4.096270
-10.412011	85.252840	4.203854
-10.170635	83.084724	3.960988
-9.864677	77.937790	4.246515
-16.447490	154.382925	5.253009
-12.336609	102.654448	3.993764
-7.895013	49.729474	3.482984
-13.044206	109.497623	4.259737
-10.100758	72.507654	4.400051
-18.858745	175.507727	5.849450
-8.923699	165.971232	5.864483
-1.443811	77.396745	4.473211
-9.139459	166.559422	5.931902
-3.449265	99.823443	4.616416
-2.341580	84.296436	4.860834
-0.084879	56.737301	4.332796
-2.839411	89.803721	4.330595
-11.158658	184.990916	6.793624
-0.613818	62.052622	4.141338
-0.308515	54.758186	4.206734
-9.705586	165.605000	5.919835
-9.072782	157.395846	5.835074
-11.639375	184.221188	6.586819
-5.407321	112.468080	4.785278
-1.795522	70.164987	4.228619
-0.322061	52.485981	4.054509
-5.106586	108.700377	4.429324
-3.577073	85.215274	4.639313
-2.096694	68.273794	4.294606
-1.678288	62.882529	4.309102
-3.032231	78.221391	4.515553
-3.994597	85.589067	4.253659
-9.685755	151.298695	5.567486
-11.465956	170.782591	6.239414
-3.756721	80.438773	4.412037
-3.806230	79.749455	4.631036
-11.553232	169.733171	6.203342
-7.643740	124.551488	4.854796
-2.138394	56.642679	4.591244
-5.599283	97.876264	4.479040
-13.591846	185.472431	6.857774
-3.180405	63.804225	4.352565
-13.343864	182.289947	6.454306
-2.326698	53.856986	3.801483
-7.534693	114.835316	4.389968
-6.148478	95.655989	4.417329
-10.163007	138.170048	4.995992
-8.350824	115.766228	4.421520
-7.503287	104.486201	4.412239
-6.236134	89.125267	4.448266
-5.733093	82.232498	4.495359
-12.254970	158.046693	5.302223
-8.497874	110.623121	4.701106
-6.358441	84.776805	4.442516
-3.961389	57.095146	3.852861
-3.325896	49.193374	3.420505
-14.096459	173.690405	6.271696
-4.222981	58.075769	3.828925
-10.413477	131.466154	4.581434
-8.541840	107.995269	4.526846
-0.985186	61.692535	4.628602
-8.844189	154.485803	5.652199
-8.528347	151.611657	5.650768
-1.304337	64.774417	4.350671
-0.654511	56.378224	4.646501
-6.558803	124.972549	4.968755
-4.231646	97.655735	4.546308
-8.914939	151.281839	5.352255
-4.771260	102.245201	4.621493
-4.042211	94.905427	4.208629
-3.398613	84.501179	4.369777
-9.086864	149.915002	5.492629
-2.501263	70.089603	4.427564
-0.643956	47.913163	3.782596
-6.708354	115.401135	4.714683
-9.497700	148.382679	5.262269
-13.136383	186.539676	6.962491
-9.878087	150.662274	5.481619
-5.806507	103.800387	4.273253
-5.165228	94.254751	4.623697
-4.741717	90.285241	4.531399
-2.599850	62.790269	4.194460
-10.136192	151.184710	5.386549
-5.178150	89.201772	4.554518
-3.850739	74.400217	4.357948
-9.491739	139.261142	4.954221
-7.980145	121.234159	4.836176
-5.095095	86.319588	4.541609
-6.193552	99.147769	4.054258
-4.637162	79.393349	4.578277
-2.294693	53.346529	3.594609
-13.068647	176.381004	6.184455
-7.987845	117.580095	4.493771
-6.314636	94.760198	4.738863
-5.261941	83.464679	4.570402
-7.511840	108.935346	4.592785
-6.485785	96.889210	4.336063
-4.029238	68.234232	4.006994
-3.448263	61.176605	3.812962
-3.763409	60.487078	5.070195
-2.553559	50.988067	3.832846
-5.598108	85.838591	3.943506
-12.994351	170.692759	5.882722
-5.660324	84.008302	4.200052
-5.014107	75.983555	4.312581
-5.469768	79.948642	4.340515
-3.092301	52.814670	3.806066
-7.496386	102.069962	4.437627
-5.076522	67.914204	5.502295
-3.286767	53.442162	3.544684
-9.278010	120.699717	4.713467
-6.475333	88.474746	4.331264
-2.990719	47.890223	3.460879
-8.218882	107.024776	4.311294
-7.058005	92.571397	4.242603
-6.750488	89.335145	4.392757
-6.725686	87.615648	4.463229
-13.601484	167.411409	5.692013
-15.011680	179.936899	6.406371
-11.673185	140.684573	4.851671
-11.055756	134.147848	4.826917
-6.076380	71.631417	4.847805
-15.711384	185.171032	6.433743
-15.167449	178.545603	6.310695
-14.468639	171.825079	5.596923
-7.711084	92.809264	4.400378
-6.586863	77.857016	4.357894
-62.640356	64.041498	2.334722
-62.261551	60.943748	2.483358
-62.299052	57.152970	1.647768
-60.953453	43.285501	1.971274
-64.386694	77.787987	2.395060
-62.126231	49.203638	1.525045
-63.695946	64.869752	1.901682
-62.492114	47.109690	1.581145
-66.169127	92.066213	2.610937
-62.713328	48.943270	1.638711
-64.478230	68.255888	2.391706
-66.157344	84.354666	2.268563
-63.069119	45.421412	1.539663
-65.211708	68.706070	2.441778
-64.737176	55.419051	1.630161
-64.263769	49.019505	1.625075
-65.556702	60.033186	2.069863
-65.707500	54.980313	1.653106
-40.252666	140.749728	3.789039
-41.554148	154.432039	4.044118
-35.226389	80.482603	3.339596
-34.001902	65.520358	2.933896
-33.792756	62.033665	2.829357
-44.528443	186.357404	4.014565
-43.057121	169.469608	3.881943
-42.416627	162.284339	4.047714
-42.246478	160.603619	4.039210
-39.146232	123.622451	3.718302
-33.630053	59.008241	2.591722
-33.025398	52.586824	2.684307
-36.483194	89.652273	2.938300
-43.685639	171.847193	4.131165
-34.377176	62.175387	2.933138
-40.100392	128.149953	3.784919
-34.650566	63.719077	2.688497
-43.572379	167.353907	3.999731
-39.778333	122.439291	3.694055
-43.435723	163.443262	3.721740
-42.328998	150.557570	3.898083
-41.093776	135.001077	3.644870
-39.896104	120.596174	3.559578
-35.206033	65.218229	2.712220
-33.856439	48.732664	2.587103
-35.574307	67.348950	2.981565
-34.527773	54.171860	2.608495
-34.432856	53.519681	2.508482
-33.584615	43.964595	2.452682
-46.147949	188.673661	4.038157
-41.515952	133.982105	3.693917
-38.060137	93.896431	3.328750
-37.984530	92.968077	3.178819
-45.502405	178.615571	3.974093
-41.742685	135.308678	3.713782
-46.073628	184.238001	4.000253
-37.399925	81.797163	3.164862
-43.643155	153.610373	3.840730
-37.133184	78.144036	3.119581
-45.114422	169.548381	3.942169
-39.392862	101.960425	3.412510
-44.007869	154.443513	3.995825
-43.195500	145.036706	3.768208
-45.221550	166.917735	3.877728
-44.856087	162.312771	3.827805
-44.029204	152.720368	3.787012
-41.238933	121.556135	3.590213
-35.589339	53.836611	2.467692
-41.912944	125.825889	3.531086
-38.539273	85.845991	2.998233
-46.894873	181.052932	4.127361
-45.246407	162.768744	3.931828
-41.896024	123.365735	3.568911
-37.469777	70.837950	2.812743
-37.028767	64.560106	2.655138
-41.172350	110.313854	3.357657
-36.862484	59.627373	2.503794
-45.110112	154.298401	3.713692
-44.979171	153.489421	3.716563
-36.458648	53.456950	2.572378
-46.687241	171.307240	4.069537
-43.447548	134.438924	3.629287
-35.837011	43.786464	2.272269
-47.818023	183.670301	3.938500
-39.020796	80.025924	2.999207
-42.991380	125.811234	3.694335
-42.630364	121.952853	3.552779
-41.606773	108.474682	3.266007
-38.873070	78.050957	2.867196
-46.963182	170.258072	3.767549
-46.265577	161.172116	3.828019
-43.369667	128.768133	3.783679
-40.223047	91.164926	2.918096
-37.511625	58.077791	2.403391
-40.317479	90.639493	3.546695
-48.064725	178.219812	3.840162
-47.033074	167.832295	3.965029
-46.957762	167.187219	3.899972
-43.886888	131.125621	3.460125
-38.563959	67.576154	2.623104
-36.588758	43.363945	2.144561
-61.970784	167.535567	3.295563
-55.082676	87.803793	2.420979
-51.961301	49.848022	1.773046
-62.084942	166.623706	3.266830
-57.689132	118.862012	3.126810
-52.896473	58.967474	1.866780
-56.706443	104.390554	2.949689
-54.206099	72.222646	2.074803
-53.908582	68.080813	2.052272
-53.602617	64.374049	1.979202
-55.508761	84.953085	2.290431
-53.943596	66.770461	2.044508
-52.915854	55.208240	1.874946
-62.623327	165.459597	3.210794
-53.204517	56.453253	2.321193
-62.826049	164.284034	3.268971
-61.667865	152.664821	3.164984
-63.496972	172.023899	3.540025
-63.267288	167.905201	3.356312
-62.013986	154.602052	3.359040
-62.763488	161.073059	3.136818
-55.665512	80.681193	2.752897
-55.077780	71.600141	2.057318
-54.986713	69.734348	2.074656
-64.954132	184.593140	3.269862
-64.847939	182.403089	3.197916
-56.797369	92.086506	2.743989
-55.986646	83.481461	2.848713
-59.366165	121.074587	3.362631
-58.254131	106.968810	3.061542
-57.502256	98.581238	3.112964
-63.252537	162.345423	3.315663
-62.805231	156.311650	3.218738
-53.711974	48.728572	1.689007
-62.964878	157.277997	3.229338
-64.647920	173.110731	3.336155
-57.084927	88.478563	2.822577
-56.149416	76.310138	2.311120
-54.986785	61.445627	2.201418
-54.872348	58.342187	1.805111
-54.522296	54.498252	1.765658
-64.002992	164.329813	3.201014
-59.481659	114.529299	3.106192
-55.223961	65.737397	2.623532
-53.869142	47.887956	2.181496
-64.519696	166.910729	3.167805
-63.899378	159.217720	3.120279
-66.109512	182.864495	3.240456
-62.437642	142.409910	3.333800
-64.296413	160.717881	3.029684
-56.229389	66.851108	2.006704
-60.280333	116.059719	3.107243
-60.008075	112.482517	2.916490
-57.411625	78.738353	2.242368
-56.853479	75.801153	2.631422
-56.833840	72.577419	2.081529
-55.658935	61.050969	2.482236
-63.111658	144.365656	3.146482
-59.640905	106.414734	3.126464
-59.031647	99.298884	2.896415
-57.966651	85.640290	2.538215
-66.831341	185.285124	3.174953
-57.055525	71.112914	2.050347
-64.959601	162.040184	3.191351
-56.223786	58.879460	1.878007
-56.040499	57.260613	1.686606
-56.923999	68.316951	2.521538
-56.573729	62.871483	1.970175
-55.884397	54.021861	1.754047
-62.014543	126.411283	2.955439
-61.606320	121.056318	3.062285
-55.419462	47.024536	1.748775
-67.713825	187.715454	3.233515
-64.350878	151.888554	3.425994
-55.695582	48.096718	1.603309
-65.762370	163.738524	3.064562
-67.777301	185.274625	3.121505
-60.031596	98.917978	3.073250
-58.338549	79.214045	2.714358
-56.895891	56.977673	1.689475
-56.508110	53.388626	1.753563
-56.317843	52.760679	1.821787
-67.419271	180.291534	3.345366
-57.551338	64.705572	1.950172
-65.653664	157.097527	3.134128
-67.843068	181.563242	3.298314
-64.121160	139.088480	3.077095
19.213387	78.664686	13.152035
19.471680	62.430048	14.206986
22.216729	97.349336	5.729220
20.465632	110.349788	6.571273
20.881518	103.080687	6.565289
22.023639	93.117705	5.713989
21.864133	82.016879	7.237478
21.930348	88.349657	6.061517
22.030365	85.748592	6.347962
-53.168751	61.306671	1.970585
-54.883541	81.515047	2.477931
-59.659765	135.955422	3.158553
-59.336681	131.998525	3.115991
-57.303973	108.366613	3.068790
-52.742538	51.292864	1.755983
-54.763625	73.908433	2.108929
-55.829746	85.387330	2.391737
-53.819873	61.002801	2.012977
-60.767350	141.728473	3.261076
-53.893775	61.898757	2.443269
-53.214070	51.645603	1.758803
-65.155492	188.470078	3.124454
-63.118832	166.279728	3.262938
-56.558153	91.404804	2.805333
-53.745751	60.082535	2.760560
-57.959422	107.941861	3.034217
-53.463826	51.330708	1.767247
-61.593569	147.480638	3.424138
-60.081352	130.330429	3.121811
-61.746793	148.326689	3.411727
-60.424524	133.393698	3.290553
-58.852525	114.671196	3.147290
-63.856068	168.433016	3.023168
-59.438075	119.846592	3.064961
-57.414730	96.898393	2.960297
-54.270467	57.259579	1.872323
-60.672291	133.836178	3.381326
-54.948859	64.160783	1.900136
-63.304408	160.900312	3.179122
-55.453318	70.061935	2.149733
-54.549421	60.945593	2.272463
-54.352766	56.643219	1.918331
-63.229995	158.924307	3.027775
-63.088704	158.170822	3.179527
-57.893881	99.381496	3.065189
-64.889608	177.457317	3.481410
-58.248414	99.976912	2.854393
-63.631957	159.324426	3.030575
-64.723417	171.436861	3.261800
