<?xml version="1.0" encoding="UTF-8"?>
<document version="1.1.0">
  <chunk>
    <sensors>
      <sensor id="0" label="FC300X (3.61 mm)" type="frame">
        <resolution width="4000" height="3000"/>
        <property name="pixel_width" value="1.5619248125310003e-03"/>
        <property name="pixel_height" value="1.5619248125310003e-03"/>
        <property name="focal_length" value="3.6099999999999999e+00"/>
        <property name="fixed" value="false"/>
        <calibration type="frame" class="adjusted">
          <resolution width="4000" height="3000"/>
          <fx>2.3339384185649560e+03</fx>
          <fy>2.3383349281505516e+03</fy>
          <cx>2.0057943011807463e+03</cx>
          <cy>1.5127106083040308e+03</cy>
          <skew>2.8642087169528957e-01</skew>
          <k1>-1.5209563885716097e-02</k1>
          <k2>1.1545750233114563e-02</k2>
          <k3>4.0064367333332695e-03</k3>
          <p1>-1.0588674473368929e-04</p1>
          <p2>4.2985372871393648e-04</p2>
        </calibration>
      </sensor>
    </sensors>
    <cameras>
      <camera id="0" label="dji_0645.jpg" sensor_id="0" enabled="true">
        <transform>-2.5061301950674181e-01 9.6754012866301187e-01 3.2545566218389804e-02 7.6990827764838512e+00 -9.6732723319937985e-01 -2.5160664996642806e-01 3.1178800546265893e-02 1.6208597579435782e+01 3.8355421579562107e-02 -2.3668399173444064e-02 9.9898381794502566e-01 -2.5624460726754950e-01 0.0000000000000000e+00 0.0000000000000000e+00 0.0000000000000000e+00 1.0000000000000000e+00</transform>
        <orientation>1</orientation>
        <reference x="-1.2311463888888900e+02" y="3.8426825000000001e+01" z="9.0799999999999997e+01" enabled="true"/>
      </camera>
      <camera id="1" label="dji_0646.jpg" sensor_id="0" enabled="true">
        <transform>-1.8563336267404887e-01 9.8219967841115663e-01 2.8706208236983784e-02 4.8229111841208567e+00 -9.8180293755381731e-01 -1.8659044838939889e-01 3.5312835917520845e-02 1.6688421082381378e+01 4.0040560348473177e-02 -2.1628599096175954e-02 9.9896394190587079e-01 -2.4275674285792509e-01 0.0000000000000000e+00 0.0000000000000000e+00 0.0000000000000000e+00 1.0000000000000000e+00</transform>
        <orientation>1</orientation>
        <reference x="-1.2311450000000001e+02" y="3.8426825000000001e+01" z="9.1000000000000000e+01" enabled="true"/>
      </camera>
      <camera id="2" label="dji_0648.jpg" sensor_id="0" enabled="true">
        <transform>9.9595281480381437e-01 8.9366433505479279e-02 9.5724211602787098e-03 5.9408558498888753e-01 -8.9634085759006457e-02 9.9543991585234848e-01 3.2635940280870343e-02 1.7428499797592963e+01 -6.6122125272918874e-03 -3.3361871805703755e-02 9.9942146472602522e-01 -1.0614115638293822e-01 0.0000000000000000e+00 0.0000000000000000e+00 0.0000000000000000e+00 1.0000000000000000e+00</transform>
        <orientation>1</orientation>
        <reference x="-1.2311409166666699e+02" y="3.8426827777777802e+01" z="9.1000000000000000e+01" enabled="true"/>
      </camera>
      <camera id="3" label="dji_0649.jpg" sensor_id="0" enabled="true">
        <transform>9.9988323018471748e-01 -1.4661668679690048e-02 4.3083020904058442e-03 3.8034108375454190e-01 1.4572946145401009e-02 9.9969477390186701e-01 1.9949643453911609e-02 1.3659618349545234e+01 -4.5994821467684101e-03 -1.9884529283388939e-02 9.9979170343585044e-01 -1.5397997749873968e-01 0.0000000000000000e+00 0.0000000000000000e+00 0.0000000000000000e+00 1.0000000000000000e+00</transform>
        <orientation>1</orientation>
        <reference x="-1.2311411388888899e+02" y="3.8426672222222201e+01" z="9.0799999999999997e+01" enabled="true"/>
      </camera>
      <camera id="4" label="dji_0650.jpg" sensor_id="0" enabled="true">
        <transform>9.9996090959021011e-01 -8.5312211652755071e-03 2.3232642873453812e-03 8.9260511339625301e-02 8.5138146042059992e-03 9.9993636175160194e-01 7.4018516504027673e-03 6.6637040224836124e+00 -2.3862632723377145e-03 -7.3817824675695178e-03 9.9996990706480593e-01 -1.8096498455429742e-02 0.0000000000000000e+00 0.0000000000000000e+00 0.0000000000000000e+00 1.0000000000000000e+00</transform>
        <orientation>1</orientation>
        <reference x="-1.2311418333333300e+02" y="3.8426255555555599e+01" z="9.1099999999999994e+01" enabled="true"/>
      </camera>
      <camera id="5" label="dji_0651.jpg" sensor_id="0" enabled="true">
        <transform>9.9996358155799181e-01 -8.3943557434121123e-03 1.5395938965896484e-03 -9.1433620849730557e-02 8.3944193076938844e-03 9.9996476563498604e-01 -3.4828926942441138e-05 1.9752475818915841e-01 -1.5392472835734064e-03 4.7751655258724881e-05 9.9999881421808667e-01 1.2762500974920642e-02 0.0000000000000000e+00 0.0000000000000000e+00 0.0000000000000000e+00 1.0000000000000000e+00</transform>
        <orientation>1</orientation>
        <reference x="-1.2311425833333300e+02" y="3.8425847222222203e+01" z="9.0900000000000006e+01" enabled="true"/>
      </camera>
      <camera id="6" label="dji_0653.jpg" sensor_id="0" enabled="true">
        <transform>-1.8248491001151179e-01 9.8320670656496645e-01 1.9569833321678902e-03 -3.1807748108956957e-01 -9.8319243043359406e-01 -1.8249297162928244e-01 5.3814537065991356e-03 -8.5366844660665209e-01 5.6482170791134602e-03 -9.4205710329232223e-04 9.9998360495172167e-01 1.6733852896017290e-01 0.0000000000000000e+00 0.0000000000000000e+00 0.0000000000000000e+00 1.0000000000000000e+00</transform>
        <orientation>1</orientation>
        <reference x="-1.2311427777777800e+02" y="3.8425744444444398e+01" z="9.0700000000000003e+01" enabled="true"/>
      </camera>
      <camera id="7" label="dji_0654.jpg" sensor_id="0" enabled="true">
        <transform>-1.9346498074675972e-01 9.8110699361346088e-01 6.0688335993265043e-04 -5.9145707697249010e+00 -9.8087716748965659e-01 -1.9343298080188284e-01 2.1532864081831186e-02 1.1059629163855636e-01 2.1243434800523500e-02 3.5705771039267233e-03 9.9976795680648867e-01 2.2038142264229685e-01 0.0000000000000000e+00 0.0000000000000000e+00 0.0000000000000000e+00 1.0000000000000000e+00</transform>
        <orientation>1</orientation>
        <reference x="-1.2311388888888899e+02" y="3.8425741666666703e+01" z="9.0700000000000003e+01" enabled="true"/>
      </camera>
      <camera id="8" label="dji_0656.jpg" sensor_id="0" enabled="true">
        <transform>-9.9869168135381081e-01 -4.6994072444478285e-02 2.0161417355469620e-02 -7.2065723915284057e+00 4.7589845083098478e-02 -9.9841138328765522e-01 3.0164820015998579e-02 8.2380306069293785e-01 1.8711820853807674e-02 3.1084833548115198e-02 9.9934158368578896e-01 4.0547997271650438e-01 0.0000000000000000e+00 0.0000000000000000e+00 0.0000000000000000e+00 1.0000000000000000e+00</transform>
        <orientation>1</orientation>
        <reference x="-1.2311373055555600e+02" y="3.8425750000000001e+01" z="9.0799999999999997e+01" enabled="true"/>
      </camera>
      <camera id="9" label="dji_0657.jpg" sensor_id="0" enabled="true">
        <transform>-9.9806038026136135e-01 -4.7477046881558058e-02 4.0266703018166129e-02 -7.0466013517876576e+00 4.8675537591911622e-02 -9.9838407954603570e-01 2.9324422401021281e-02 7.2877482987862621e+00 3.8809398252037462e-02 3.1227547588971172e-02 9.9875856485884140e-01 1.5449382199491363e-01 0.0000000000000000e+00 0.0000000000000000e+00 0.0000000000000000e+00 1.0000000000000000e+00</transform>
        <orientation>1</orientation>
        <reference x="-1.2311366388888899e+02" y="3.8426094444444402e+01" z="9.1099999999999994e+01" enabled="true"/>
      </camera>
      <camera id="10" label="dji_0658.jpg" sensor_id="0" enabled="true">
        <transform>-9.9873623605212247e-01 -1.4153475540825470e-02 4.8224578033969755e-02 -6.7903524573952847e+00 1.5439953600440773e-02 -9.9953196191227389e-01 2.6409561689225036e-02 1.4391151387407124e+01 4.7828220009272969e-02 2.7120771484528274e-02 9.9848731845969363e-01 1.9339839256347670e-02 0.0000000000000000e+00 0.0000000000000000e+00 0.0000000000000000e+00 1.0000000000000000e+00</transform>
        <orientation>1</orientation>
        <reference x="-1.2311358888888900e+02" y="3.8426511111111097e+01" z="9.1000000000000000e+01" enabled="true"/>
      </camera>
      <camera id="11" label="dji_0660.jpg" sensor_id="0" enabled="true">
        <transform>7.3103678402977079e-01 6.8042610041278351e-01 5.1044512657710414e-02 -6.6690355640383086e+00 -6.8216165787674476e-01 7.3050082760177371e-01 3.2000209311423840e-02 1.8585624169277583e+01 -1.5514281106821699e-02 -5.8213939483397016e-02 9.9818357246127931e-01 1.5070034066871651e-01 0.0000000000000000e+00 0.0000000000000000e+00 0.0000000000000000e+00 1.0000000000000000e+00</transform>
        <orientation>1</orientation>
        <reference x="-1.2311353888888900e+02" y="3.8426819444444398e+01" z="9.0799999999999997e+01" enabled="true"/>
      </camera>
      <camera id="12" label="dji_0661.jpg" sensor_id="0" enabled="true">
        <transform>8.2755587154191890e-01 5.6088148636320689e-01 2.3732630100663506e-02 -8.5494201712701656e+00 -5.6138124627059394e-01 8.2692899464132319e-01 3.2241807597671167e-02 1.6123243617032269e+01 -1.5413669809177383e-03 -4.0004950649767120e-02 9.9919829268836313e-01 1.4999206357305292e-01 0.0000000000000000e+00 0.0000000000000000e+00 0.0000000000000000e+00 1.0000000000000000e+00</transform>
        <orientation>1</orientation>
        <reference x="-1.2311346388888900e+02" y="3.8426705555555600e+01" z="9.0700000000000003e+01" enabled="true"/>
      </camera>
      <camera id="13" label="dji_0662.jpg" sensor_id="0" enabled="true">
        <transform>8.2421366731024570e-01 5.6625413865951646e-01 5.2991574768897695e-03 -1.2946387327618748e+01 -5.6616358604888306e-01 8.2382083068861633e-01 2.7893238531712973e-02 1.0444426513019353e+01 1.1429105444638439e-02 -2.5990178423536264e-02 9.9959686182693075e-01 1.9617017047071417e-01 0.0000000000000000e+00 0.0000000000000000e+00 0.0000000000000000e+00 1.0000000000000000e+00</transform>
        <orientation>1</orientation>
        <reference x="-1.2311320555555599e+02" y="3.8426327777777800e+01" z="9.1200000000000003e+01" enabled="true"/>
      </camera>
      <camera id="14" label="dji_0664.jpg" sensor_id="0" enabled="true">
        <transform>9.9930213476751806e-01 3.6299520927730665e-02 -8.8084181041987973e-03 -1.4188243014825238e+01 -3.6124672907368822e-02 9.9916172466115072e-01 1.9257621335215705e-02 8.5748320439751211e+00 9.5000766532037477e-03 -1.8925980887980032e-02 9.9977575275209141e-01 4.6205207784818236e-01 0.0000000000000000e+00 0.0000000000000000e+00 0.0000000000000000e+00 1.0000000000000000e+00</transform>
        <orientation>1</orientation>
        <reference x="-1.2311310555555600e+02" y="3.8426172222222199e+01" z="9.0700000000000003e+01" enabled="true"/>
      </camera>
      <camera id="15" label="dji_0665.jpg" sensor_id="0" enabled="true">
        <transform>9.9983896570463782e-01 1.3246779269786133e-02 -1.2106423817861452e-02 -1.4343001257181765e+01 -1.3151340970511819e-02 9.9988207820266339e-01 7.9291815340651953e-03 2.8165898294371017e+00 1.2210032324177356e-02 -7.7686889563418357e-03 9.9989527580769288e-01 3.8138106713887937e-01 0.0000000000000000e+00 0.0000000000000000e+00 0.0000000000000000e+00 1.0000000000000000e+00</transform>
        <orientation>1</orientation>
        <reference x="-1.2311316111111100e+02" y="3.8425855555555600e+01" z="9.1099999999999994e+01" enabled="true"/>
      </camera>
      <camera id="16" label="dji_0667.jpg" sensor_id="0" enabled="true">
        <transform>-3.7236514922408370e-01 -9.2805382764472355e-01 7.7645757967692835e-03 -1.4238539475515985e+01 9.2807861561971794e-01 -3.7238309445952461e-01 -9.5613290738190805e-04 1.5718486548617727e+00 3.7787395667993329e-03 6.8501061836046834e-03 9.9996939811804220e-01 5.4743364167985020e-01 0.0000000000000000e+00 0.0000000000000000e+00 0.0000000000000000e+00 1.0000000000000000e+00</transform>
        <orientation>1</orientation>
        <reference x="-1.2311318055555600e+02" y="3.8425741666666703e+01" z="9.1000000000000000e+01" enabled="true"/>
      </camera>
      <camera id="17" label="dji_0757.jpg" sensor_id="0" enabled="true">
        <orientation>1</orientation>
        <reference x="-1.2311406388888901e+02" y="3.8426041666666698e+01" z="3.4200000000000003e+01" enabled="true"/>
      </camera>
      <camera id="18" label="dji_0760.jpg" sensor_id="0" enabled="true">
        <orientation>1</orientation>
        <reference x="-1.2311387222222200e+02" y="3.8425977777777803e+01" z="2.2600000000000001e+01" enabled="true"/>
      </camera>
      <camera id="19" label="dji_0762.jpg" sensor_id="0" enabled="true">
        <orientation>1</orientation>
        <reference x="-1.2311376388888900e+02" y="3.8426036111111102e+01" z="2.2699999999999999e+01" enabled="true"/>
      </camera>
      <camera id="20" label="dji_0765.jpg" sensor_id="0" enabled="true">
        <orientation>1</orientation>
        <reference x="-1.2311358611111100e+02" y="3.8426074999999997e+01" z="4.4799999999999997e+01" enabled="true"/>
      </camera>
      <camera id="21" label="dji_0767.jpg" sensor_id="0" enabled="true">
        <transform>4.0141629478730945e-01 -5.5703215963638464e-01 7.2703516518119882e-01 -7.7600481995453352e+00 9.1589553057554707e-01 2.4463639400848436e-01 -3.1825840412825335e-01 1.1753095606023034e+01 -5.7909495330105143e-04 7.9364236773080032e-01 6.0838430025082346e-01 7.0579048197678462e+00 0.0000000000000000e+00 0.0000000000000000e+00 0.0000000000000000e+00 1.0000000000000000e+00</transform>
        <orientation>1</orientation>
        <reference x="-1.2311353055555600e+02" y="3.8426402777777803e+01" z="4.4000000000000000e+01" enabled="true"/>
      </camera>
      <camera id="22" label="dji_0768.jpg" sensor_id="0" enabled="true">
        <transform>8.1744234481020883e-01 -3.5237108941256046e-01 4.5565626107559754e-01 -5.9499942309602050e+00 5.7598565991579509e-01 5.0737996568219601e-01 -6.4094156519584511e-01 1.4156639993170689e+01 -5.3415805295628782e-03 7.8638424817040875e-01 6.1771456332751884e-01 6.9109304392621125e+00 0.0000000000000000e+00 0.0000000000000000e+00 0.0000000000000000e+00 1.0000000000000000e+00</transform>
        <orientation>1</orientation>
        <reference x="-1.2311363611111101e+02" y="3.8426561111111099e+01" z="4.3899999999999999e+01" enabled="true"/>
      </camera>
      <camera id="23" label="dji_0775.jpg" sensor_id="0" enabled="true">
        <orientation>1</orientation>
        <reference x="-1.2311561388888900e+02" y="3.8427025000000000e+01" z="4.0200000000000003e+01" enabled="true"/>
      </camera>
      <camera id="24" label="dji_0776.jpg" sensor_id="0" enabled="true">
        <orientation>1</orientation>
        <reference x="-1.2311567777777800e+02" y="3.8427172222222197e+01" z="3.9899999999999999e+01" enabled="true"/>
      </camera>
      <camera id="25" label="dji_0777.jpg" sensor_id="0" enabled="true">
        <orientation>1</orientation>
        <reference x="-1.2311575000000001e+02" y="3.8427341666666699e+01" z="4.0000000000000000e+01" enabled="true"/>
      </camera>
      <camera id="26" label="dji_0778.jpg" sensor_id="0" enabled="true">
        <orientation>1</orientation>
        <reference x="-1.2311582222222199e+02" y="3.8427513888888903e+01" z="4.0000000000000000e+01" enabled="true"/>
      </camera>
      <camera id="27" label="dji_0779.jpg" sensor_id="0" enabled="true">
        <orientation>1</orientation>
        <reference x="-1.2311589166666700e+02" y="3.8427683333333299e+01" z="3.9899999999999999e+01" enabled="true"/>
      </camera>
    </cameras>
    <transform>
      <rotation>-7.5581725566462188e-01 4.8292388632709188e-01 4.4218185857669190e-01 6.4471617934985281e-01 4.3091097352750407e-01 6.3139273117300521e-01 1.1437361638126098e-01 7.6229931976115295e-01 -6.3703879235691419e-01</rotation>
      <translation>-2.7333372290846324e+06 -4.1906464960225383e+06 3.9426373425088790e+06</translation>
      <scale>6.6373061994130946e+00</scale>
    </transform>
    <reference>GEOGCS["WGS 84",DATUM["World Geodetic System 1984",SPHEROID["WGS 84",6378137,298.257223563,AUTHORITY["EPSG","7030"]],TOWGS84[0,0,0,0,0,0,0],AUTHORITY["EPSG","6326"]],PRIMEM["Greenwich",0,AUTHORITY["EPSG","8901"]],UNIT["degree",0.017453292519943,AUTHORITY["EPSG","9102"]],AUTHORITY["EPSG","4326"]]</reference>
    <region>
      <center>-3.2682285666778625e+00 8.8741567199831479e+00 1.3004070756724104e+01</center>
      <size>2.1324019531422877e+01 1.8229406600406637e+01 6.9953265190124512e+00</size>
      <R>9.8667184244132722e-01 -1.6069661380434475e-01 -2.5598313328306036e-02 -1.6021060652164096e-01 -9.8687947947689858e-01 2.0036330636471030e-02 -2.8482220619270287e-02 -1.5668161960591453e-02 -9.9947149624657727e-01</R>
    </region>
    <settings>
      <property name="accuracy_tiepoints" value="4.0000000000000000e+00"/>
      <property name="accuracy_cameras" value="1.0000000000000000e+01"/>
      <property name="accuracy_markers" value="5.0000000000000001e-03"/>
      <property name="accuracy_scalebars" value="1.0000000000000000e-03"/>
      <property name="accuracy_projections" value="1.0000000000000001e-01"/>
    </settings>
  </chunk>
</document>
