aligned:223/223
ortho_res:0.042046465809803264
dem_res:0.16818586323921306
